function [r_com,...
v_flock,...
tau_will,...
r_rep_0,...
p_rep,...
r_frict_0,...
c_frict,...
v_frict,...
p_frict,...
a_frict,...
r_shill_0,...
v_shill,...
p_shill,...
a_shill,...
v_max,...
dim,...
height,...
dr_shill,...
pos_shill,...
vel_shill] = Vasarhelyi_will_module_parameters()
%VASARHELYI_WILL_MODULE_PARAMETERS 
% Automatically generated by read_parameter_xml.m
% Every time read_parameter_xml.m is run, this function will be generated
r_com = 4.000000000000;
v_flock = 0.200000000000;
tau_will = 1.000000000000;
r_rep_0 = 0.861723000000;
p_rep = 0.923553000000;
r_frict_0 = 5.693489000000;
c_frict = 0.155726000000;
v_frict = 0.057981000000;
p_frict = 4.506540000000;
a_frict = 0.401540000000;
r_shill_0 = 0.968532000000;
v_shill = 0.943399000000;
p_shill = 1.980570000000;
a_shill = 0.223193000000;
v_max = 0.240000000000;
dim = 2.000000000000;
height = 0.700000000000;
dr_shill = 0.100000000000;
pos_shill = [0.051156647503, -0.039294297993, -0.129745243490, 0.126987397671, -0.188267982006, -0.310689055920, -0.249478518963, 0.293892651796, 0.210440024734, 0.442216485739, 0.382886952162, -0.310689055920, -0.335073322058, -0.486817950010, -0.436236407359, -0.385654864709, 0.499796122313, 0.476764267683, -0.463812035322, -0.471480673552, -0.479149311781, -0.486817950010, 0.463812035322, 0.481804078817, -0.443043035269, 0.443043035269, -0.366042965651, -0.404543000460, 0.332395213842, 0.387719124556, -0.320457679033, 0.188483840227, 0.247876459360, -0.079201507568, -0.159620231390, -0.240038955212, -0.034197424352, 0.055810736120, 1.051156647503, 0.960705702007, 0.870254756510, 1.126987397671, 0.811732017994, 0.689310944080, 0.750521481037, 1.293892651796, 1.210440024734, 1.442216485739, 1.382886952162, 0.689310944080, 0.664926677942, 0.513182049990, 0.563763592641, 0.614345135291, 1.499796122313, 1.476764267683, 0.536187964678, 0.528519326448, 0.520850688219, 0.513182049990, 1.463812035322, 1.481804078817, 0.556956964731, 1.443043035269, 0.633957034349, 0.595456999540, 1.332395213842, 1.387719124556, 0.679542320967, 1.188483840227, 1.247876459360, 0.920798492432, 0.840379768610, 0.759961044788, 0.965802575648, 1.055810736120, -8.000000000000, -8.000000000000, -8.000000000000, -8.000000000000, -8.000000000000, -8.000000000000, -8.000000000000, -8.000000000000, -8.000000000000, -8.000000000000, -8.000000000000, -8.000000000000, -8.000000000000, -8.000000000000, -8.000000000000, -8.000000000000, -8.000000000000, -8.000000000000, -8.000000000000, -8.000000000000, -8.000000000000, -8.000000000000, -8.000000000000, -8.000000000000, -8.000000000000, -8.000000000000, -8.000000000000, -8.000000000000, -8.000000000000, -8.000000000000, -8.000000000000, -8.000000000000, -8.000000000000, -8.000000000000, -8.000000000000, -8.000000000000, -8.000000000000, -8.000000000000, -8.000000000000, -8.000000000000, -8.000000000000, -8.000000000000, -8.000000000000, -8.000000000000, -8.000000000000, -8.000000000000, -8.000000000000, -8.000000000000, -8.000000000000, -8.000000000000, -8.000000000000, -8.000000000000, -8.000000000000, -8.000000000000, -8.000000000000, -8.000000000000, -8.000000000000, -8.000000000000, -8.000000000000, -8.000000000000, -8.000000000000, -8.000000000000, -8.000000000000, -8.000000000000, -8.000000000000, -8.000000000000, -8.000000000000, -8.000000000000, -8.000000000000, -8.000000000000, -8.000000000000, -8.000000000000, -8.000000000000, -8.000000000000, -8.000000000000, -8.000000000000, -8.000000000000, -8.000000000000, -8.000000000000, -8.000000000000, -8.000000000000, -8.000000000000, -8.000000000000, -8.000000000000, -8.000000000000, -8.000000000000, -8.000000000000, -8.000000000000, -8.000000000000, -8.000000000000, -8.000000000000, -8.000000000000, -8.000000000000, -8.000000000000, -8.000000000000, -8.000000000000, -8.000000000000, -8.000000000000, -8.000000000000, -8.000000000000, -8.000000000000, -8.000000000000, -8.000000000000, -8.000000000000, -8.000000000000, -8.000000000000, -8.000000000000, -8.000000000000, -8.000000000000, -8.000000000000, -8.000000000000, -8.000000000000, -8.000000000000, -8.000000000000, -8.000000000000, -8.000000000000, -8.000000000000, -8.000000000000, -8.000000000000, -8.000000000000, -8.000000000000, -8.000000000000, -8.000000000000, -8.000000000000, -8.000000000000, -8.000000000000, -8.000000000000, -8.000000000000, -8.000000000000, -8.000000000000, -8.000000000000, -8.000000000000, -8.000000000000, -8.000000000000, -8.000000000000, -8.000000000000, -8.000000000000, -8.000000000000, -8.000000000000, -8.000000000000, -8.000000000000, -8.000000000000, -8.000000000000, -8.000000000000, -8.000000000000, -8.000000000000, -8.000000000000, -8.000000000000, -8.000000000000, -8.000000000000, -8.000000000000, -8.000000000000, -8.000000000000, -8.000000000000, -8.000000000000, -8.000000000000, -8.000000000000, -8.000000000000, -8.000000000000, -8.000000000000, -8.000000000000, -8.000000000000, 8.000000000000, 8.000000000000, 8.000000000000, 8.000000000000, 8.000000000000, 8.000000000000, 8.000000000000, 8.000000000000, 8.000000000000, 8.000000000000, 8.000000000000, 8.000000000000, 8.000000000000, 8.000000000000, 8.000000000000, 8.000000000000, 8.000000000000, 8.000000000000, 8.000000000000, 8.000000000000, 8.000000000000, 8.000000000000, 8.000000000000, 8.000000000000, 8.000000000000, 8.000000000000, 8.000000000000, 8.000000000000, 8.000000000000, 8.000000000000, 8.000000000000, 8.000000000000, 8.000000000000, 8.000000000000, 8.000000000000, 8.000000000000, 8.000000000000, 8.000000000000, 8.000000000000, 8.000000000000, 8.000000000000, 8.000000000000, 8.000000000000, 8.000000000000, 8.000000000000, 8.000000000000, 8.000000000000, 8.000000000000, 8.000000000000, 8.000000000000, 8.000000000000, 8.000000000000, 8.000000000000, 8.000000000000, 8.000000000000, 8.000000000000, 8.000000000000, 8.000000000000, 8.000000000000, 8.000000000000, 8.000000000000, 8.000000000000, 8.000000000000, 8.000000000000, 8.000000000000, 8.000000000000, 8.000000000000, 8.000000000000, 8.000000000000, 8.000000000000, 8.000000000000, 8.000000000000, 8.000000000000, 8.000000000000, 8.000000000000, 8.000000000000, 8.000000000000, 8.000000000000, 8.000000000000, 8.000000000000, 8.000000000000, 8.000000000000, 8.000000000000, 8.000000000000, 8.000000000000, 8.000000000000, 8.000000000000, 8.000000000000, 8.000000000000, 8.000000000000, 8.000000000000, 8.000000000000, 8.000000000000, 8.000000000000, 8.000000000000, 8.000000000000, 8.000000000000, 8.000000000000, 8.000000000000, 8.000000000000, 8.000000000000, 8.000000000000, 8.000000000000, 8.000000000000, 8.000000000000, 8.000000000000, 8.000000000000, 8.000000000000, 8.000000000000, 8.000000000000, 8.000000000000, 8.000000000000, 8.000000000000, 8.000000000000, 8.000000000000, 8.000000000000, 8.000000000000, 8.000000000000, 8.000000000000, 8.000000000000, 8.000000000000, 8.000000000000, 8.000000000000, 8.000000000000, 8.000000000000, 8.000000000000, 8.000000000000, 8.000000000000, 8.000000000000, 8.000000000000, 8.000000000000, 8.000000000000, 8.000000000000, 8.000000000000, 8.000000000000, 8.000000000000, 8.000000000000, 8.000000000000, 8.000000000000, 8.000000000000, 8.000000000000, 8.000000000000, 8.000000000000, 8.000000000000, 8.000000000000, 8.000000000000, 8.000000000000, 8.000000000000, 8.000000000000, 8.000000000000, 8.000000000000, 8.000000000000, 8.000000000000, 8.000000000000, 8.000000000000, 8.000000000000, 8.000000000000, 8.000000000000, 8.000000000000, 8.000000000000, 8.000000000000, 8.000000000000, -8.000000000000, -7.901754385965, -7.803508771930, -7.705263157895, -7.607017543860, -7.508771929825, -7.410526315789, -7.312280701754, -7.214035087719, -7.115789473684, -7.017543859649, -6.919298245614, -6.821052631579, -6.722807017544, -6.624561403509, -6.526315789474, -6.428070175439, -6.329824561404, -6.231578947368, -6.133333333333, -6.035087719298, -5.936842105263, -5.838596491228, -5.740350877193, -5.642105263158, -5.543859649123, -5.445614035088, -5.347368421053, -5.249122807018, 