function [activate,...
x_range,...
y_range,...
z_range,...
x_color,...
x_alpha,...
y_color,...
y_alpha,...
z_color,...
z_alpha] = map_module_parameters()
%MAP_MODULE_PARAMETERS 
% Automatically generated by read_parameter_xml.m
% Every time read_parameter_xml.m is run, this function will be generated
activate = 1.000000000000;
x_range = [-8.000000000000
8.000000000000];
y_range = [-8.000000000000
8.000000000000];
z_range = [0.000000000000
3.000000000000];
x_color = [0.500000000000
0.500000000000
0.500000000000];
x_alpha = 0.200000000000;
y_color = [0.500000000000
0.500000000000
0.500000000000];
y_alpha = 0.200000000000;
z_color = [0.500000000000
0.500000000000
0.500000000000];
z_alpha = 0.000000000000;


end