function [scale,...
position,...
rotation,...
color,...
alpha,...
static,...
id] = model_module_parameters()

scale = [0.500000000000
0.500000000000
0.500000000000];
position = [0.000000000000
-1.500000000000
1.000000000000];
rotation = [0.000000000000
0.000000000000
0.000000000000];
color = [1.000000000000
0.000000000000
0.000000000000];
alpha = 0.500000000000;
static = 0.000000000000;
id = 1.000000000000;


end