function [r_com,...
k,...
r_rep,...
p_rep,...
r_att,...
p_att,...
r_safe,...
v_flock,...
r_visual,...
p_visual,...
dir_task,...
id_informed,...
flag_agds,...
r_agds,...
r_safe_agds,...
x_finish,...
x_stop,...
height,...
v_max] = crossing_module_parameters()
%CROSSING_MODULE_PARAMETERS 
% Automatically generated by read_parameter_xml.m
% Every time read_parameter_xml.m is run, this function will be generated
r_com = 4.000000000000;
k = 3.000000000000;
r_rep = 1.000000000000;
p_rep = 0.600000000000;
r_att = 1.000000000000;
p_att = 0.600000000000;
r_safe = 0.400000000000;
v_flock = 0.200000000000;
r_visual = 0.400000000000;
p_visual = 20.000000000000;
dir_task = 0.000000000000;
id_informed = [6.000000000000, 8.000000000000];
flag_agds = 1.000000000000;
r_agds = 1.000000000000;
r_safe_agds = 0.200000000000;
x_finish = 1.000000000000;
x_stop = 2.500000000000;
height = 0.700000000000;
v_max = 0.250000000000;


end