function [activate_plot,...
time_interval_plot,...
activate_trajectory,...
follow_agent,...
activate_save_figure,...
activate_save_video,...
dim_visual,...
time_interval_trajectory,...
video_speed,...
x_range,...
y_range,...
z_range,...
legend_name,...
font_size,...
font_size_sub,...
marker_size,...
background_color,...
activate_BD_1,...
len_arm,...
cmap_terrain,...
cmap_traj,...
T_end] = visual_module_parameters()
%VISUAL_MODULE_PARAMETERS 
% Automatically generated by read_parameter_xml.m
% Every time read_parameter_xml.m is run, this function will be generated
activate_plot = 1.000000000000;
time_interval_plot = 1.000000000000;
activate_trajectory = 1.000000000000;
follow_agent = 0.000000000000;
activate_save_figure = 0.000000000000;
activate_save_video = 0.000000000000;
dim_visual = 3.000000000000;
time_interval_trajectory = 20.000000000000;
video_speed = 10.000000000000;
x_range = [-236.000000000000
280.000000000000];
y_range = [-185.000000000000
137.000000000000];
z_range = [0.000000000000
252.000000000000];
legend_name = ['$', '\', 'p', 'h', 'i', '^', '{', 'c', 'o', 'r', 'r', '}', '$', '|', '|', '|', '$', '\', 'p', 'h', 'i', '^', '{', 'v', 'e', 'l', '}', '$', '|', '|', '|', '$', '\', 'p', 'h', 'i', '^', '{', 'c', 'o', 'l', 'l', '}', '$', '|', '|', '|', '$', '\', 'p', 'h', 'i', '^', '{', 'w', 'a', 'l', 'l', '}', '$', '|', '|', '|', '$', '\', 'p', 'h', 'i', '^', '{', 'M', 'N', 'D', '}', '$'];
font_size = 14.000000000000;
font_size_sub = 10.000000000000;
marker_size = 10.000000000000;
background_color = 'w';
activate_BD_1 = 0.000000000000;
len_arm = 0.500000000000;
cmap_terrain = [0.900000000000, 0.944700000000, 0.974100000000
0.896470588235, 0.942748235294, 0.973185882353
0.892941176471, 0.940796470588, 0.972271764706
0.889411764706, 0.938844705882, 0.971357647059
0.885882352941, 0.936892941176, 0.970443529412
0.882352941176, 0.934941176471, 0.969529411765
0.878823529412, 0.932989411765, 0.968615294118
0.875294117647, 0.931037647059, 0.967701176471
0.871764705882, 0.929085882353, 0.966787058824
0.868235294118, 0.927134117647, 0.965872941176
0.864705882353, 0.925182352941, 0.964958823529
0.861176470588, 0.923230588235, 0.964044705882
0.857647058824, 0.921278823529, 0.963130588235
0.854117647059, 0.919327058824, 0.962216470588
0.850588235294, 0.917375294118, 0.961302352941
0.847058823529, 0.915423529412, 0.960388235294
0.843529411765, 0.913471764706, 0.959474117647
0.840000000000, 0.911520000000, 0.958560000000
0.836470588235, 0.909568235294, 0.957645882353
0.832941176471, 0.907616470588, 0.956731764706
0.829411764706, 0.905664705882, 0.955817647059
0.825882352941, 0.903712941176, 0.954903529412
0.822352941176, 0.901761176471, 0.953989411765
0.818823529412, 0.899809411765, 0.953075294118
0.815294117647, 0.897857647059, 0.952161176471
0.811764705882, 0.895905882353, 0.951247058824
0.808235294118, 0.893954117647, 0.950332941176
0.804705882353, 0.892002352941, 0.949418823529
0.801176470588, 0.890050588235, 0.948504705882
0.797647058824, 0.888098823529, 0.947590588235
0.794117647059, 0.886147058824, 0.946676470588
0.790588235294, 0.884195294118, 0.945762352941
0.787058823529, 0.882243529412, 0.944848235294
0.783529411765, 0.880291764706, 0.943934117647
0.780000000000, 0.878340000000, 0.943020000000
0.776470588235, 0.876388235294, 0.942105882353
0.772941176471, 0.874436470588, 0.941191764706
0.769411764706, 0.872484705882, 0.940277647059
0.765882352941, 0.870532941176, 0.939363529412
0.762352941176, 0.868581176471, 0.938449411765
0.758823529412, 0.866629411765, 0.937535294118
0.755294117647, 0.864677647059, 0.936621176471
0.751764705882, 0.862725882353, 0.935707058824
0.748235294118, 0.860774117647, 0.934792941176
0.744705882353, 0.858822352941, 0.933878823529
0.741176470588, 0.856870588235, 0.932964705882
0.737647058824, 0.854918823529, 0.932050588235
0.734117647059, 0.852967058824, 0.931136470588
0.730588235294, 0.851015294118, 0.930222352941
0.727058823529, 0.849063529412, 0.929308235294
0.723529411765, 0.847111764706, 0.928394117647
0.720000000000, 0.845160000000, 0.927480000000
0.716470588235, 0.843208235294, 0.926565882353
0.712941176471, 0.841256470588, 0.925651764706
0.709411764706, 0.839304705882, 0.924737647059
0.705882352941, 0.837352941176, 0.923823529412
0.702352941176, 0.835401176471, 0.922909411765
0.698823529412, 0.833449411765, 0.921995294118
0.695294117647, 0.831497647059, 0.921081176471
0.691764705882, 0.829545882353, 0.920167058824
0.688235294118, 0.827594117647, 0.919252941176
0.684705882353, 0.825642352941, 0.918338823529
0.681176470588, 0.823690588235, 0.917424705882
0.677647058824, 0.821738823529, 0.916510588235
0.674117647059, 0.819787058824, 0.915596470588
0.670588235294, 0.817835294118, 0.914682352941
0.667058823529, 0.815883529412, 0.913768235294
0.663529411765, 0.813931764706, 0.912854117647
0.660000000000, 0.811980000000, 0.911940000000
0.656470588235, 0.810028235294, 0.911025882353
0.652941176471, 0.808076470588, 0.910111764706
0.649411764706, 0.806124705882, 0.909197647059
0.645882352941, 0.804172941176, 0.908283529412
0.642352941176, 0.802221176471, 0.907369411765
0.638823529412, 0.800269411765, 0.906455294118
0.635294117647, 0.798317647059, 0.905541176471
0.631764705882, 0.796365882353, 0.904627058824
0.628235294118, 0.794414117647, 0.903712941176
0.624705882353, 0.792462352941, 0.902798823529
0.621176470588, 0.790510588235, 0.901884705882
0.617647058824, 0.788558823529, 0.900970588235
0.614117647059, 0.786607058824, 0.900056470588
0.610588235294, 0.784655294118, 0.899142352941
0.607058823529, 0.782703529412, 0.898228235294
0.603529411765, 0.780751764706, 0.897314117647
0.600000000000, 0.778800000000, 0.896400000000
0.596470588235, 0.776848235294, 0.895485882353
0.592941176471, 0.774896470588, 0.894571764706
0.589411764706, 0.772944705882, 0.893657647059
0.585882352941, 0.770992941176, 0.892743529412
0.582352941176, 0.769041176471, 0.891829411765
0.578823529412, 0.767089411765, 0.890915294118
0.575294117647, 0.765137647059, 0.890001176471
0.571764705882, 0.763185882353, 0.889087058824
0.568235294118, 0.761234117647, 0.888172941176
0.564705882353, 0.759282352941, 0.887258823529
0.561176470588, 0.757330588235, 0.886344705882
0.557647058824, 0.755378823529, 0.885430588235
0.554117647059, 0.753427058824, 0.884516470588
0.550588235294, 0.751475294118, 0.883602352941
0.547058823529, 0.749523529412, 0.882688235294
0.543529411765, 0.747571764706, 0.881774117647
0.540000000000, 0.745620000000, 0.880860000000
0.536470588235, 0.743668235294, 0.879945882353
0.532941176471, 0.741716470588, 0.879031764706
0.529411764706, 0.739764705882, 0.878117647059
0.525882352941, 0.737812941176, 0.877203529412
0.522352941176, 0.735861176471, 0.876289411765
0.518823529412, 0.733909411765, 0.875375294118
0.515294117647, 0.731957647059, 0.874461176471
0.511764705882, 0.730005882353, 0.873547058824
0.508235294118, 0.728054117647, 0.872632941176
0.504705882353, 0.726102352941, 0.871718823529
0.501176470588, 0.724150588235, 0.870804705882
0.497647058824, 0.722198823529, 0.869890588235
0.494117647059, 0.720247058824, 0.868976470588
0.490588235294, 0.718295294118, 0.868062352941
0.487058823529, 0.716343529412, 0.867148235294
0.483529411765, 0.714391764706, 0.866234117647
0.480000000000, 0.712440000000, 0.865320000000
0.476470588235, 0.710488235294, 0.864405882353
0.472941176471, 0.708536470588, 0.863491764706
0.469411764706, 0.706584705882, 0.862577647059
0.465882352941, 0.704632941176, 0.861663529412
0.462352941176, 0.702681176471, 0.860749411765
0.458823529412, 0.700729411765, 0.859835294118
0.455294117647, 0.698777647059, 0.858921176471
0.451764705882, 0.696825882353, 0.858007058824
0.448235294118, 0.694874117647, 0.857092941176
0.444705882353, 0.692922352941, 0.856178823529
0.441176470588, 0.690970588235, 0.855264705882
0.437647058824, 0.689018823529, 0.854350588235
0.434117647059, 0.687067058824, 0.853436470588
0.430588235294, 0.685115294118, 0.852522352941
0.427058823529, 0.683163529412, 0.851608235294
