function [activate_plot,...
time_interval_plot,...
activate_trajectory,...
follow_agent,...
activate_save_figure,...
activate_save_video,...
dim_visual,...
time_interval_trajectory,...
video_speed,...
x_range,...
y_range,...
z_range,...
legend_name,...
font_size,...
font_size_sub,...
marker_size,...
background_color,...
activate_BD_1,...
len_arm,...
cmap_terrain,...
cmap_traj,...
T_end] = visual_module_parameters()
%VISUAL_MODULE_PARAMETERS 
% Automatically generated by read_parameter_xml.m
% Every time read_parameter_xml.m is run, this function will be generated
activate_plot = 1.000000000000;
time_interval_plot = 1.000000000000;
activate_trajectory = 1.000000000000;
follow_agent = 0.000000000000;
activate_save_figure = 0.000000000000;
activate_save_video = 0.000000000000;
dim_visual = 3.000000000000;
time_interval_trajectory = 20.000000000000;
video_speed = 10.000000000000;
x_range = [-236.000000000000
280.000000000000];
y_range = [-185.000000000000
137.000000000000];
z_range = [0.000000000000
252.000000000000];
legend_name = ['$', '\', 'p', 'h', 'i', '^', '{', 'c', 'o', 'r', 'r', '}', '$', '|', '|', '|', '$', '\', 'p', 'h', 'i', '^', '{', 'v', 'e', 'l', '}', '$', '|', '|', '|', '$', '\', 'p', 'h', 'i', '^', '{', 'c', 'o', 'l', 'l', '}', '$', '|', '|', '|', '$', '\', 'p', 'h', 'i', '^', '{', 'w', 'a', 'l', 'l', '}', '$', '|', '|', '|', '$', '\', 'p', 'h', 'i', '^', '{', 'M', 'N', 'D', '}', '$'];
font_size = 14.000000000000;
font_size_sub = 10.000000000000;
marker_size = 10.000000000000;
background_color = 'w';
activate_BD_1 = 0.000000000000;
len_arm = 0.500000000000;
cmap_terrain = [0.900000000000, 0.944700000000, 0.974100000000
0.896500000000, 0.942700000000, 0.973200000000
0.892900000000, 0.940800000000, 0.972300000000
0.889400000000, 0.938800000000, 0.971400000000
0.885900000000, 0.936900000000, 0.970400000000
0.882400000000, 0.934900000000, 0.969500000000
0.878800000000, 0.933000000000, 0.968600000000
0.875300000000, 0.931000000000, 0.967700000000
0.871800000000, 0.929100000000, 0.966800000000
0.868200000000, 0.927100000000, 0.965900000000
0.864700000000, 0.925200000000, 0.965000000000
0.861200000000, 0.923200000000, 0.964000000000
0.857600000000, 0.921300000000, 0.963100000000
0.854100000000, 0.919300000000, 0.962200000000
0.850600000000, 0.917400000000, 0.961300000000
0.847100000000, 0.915400000000, 0.960400000000
0.843500000000, 0.913500000000, 0.959500000000
0.840000000000, 0.911500000000, 0.958600000000
0.836500000000, 0.909600000000, 0.957600000000
0.832900000000, 0.907600000000, 0.956700000000
0.829400000000, 0.905700000000, 0.955800000000
0.825900000000, 0.903700000000, 0.954900000000
0.822400000000, 0.901800000000, 0.954000000000
0.818800000000, 0.899800000000, 0.953100000000
0.815300000000, 0.897900000000, 0.952200000000
0.811800000000, 0.895900000000, 0.951200000000
0.808200000000, 0.894000000000, 0.950300000000
0.804700000000, 0.892000000000, 0.949400000000
0.801200000000, 0.890100000000, 0.948500000000
0.797600000000, 0.888100000000, 0.947600000000
0.794100000000, 0.886100000000, 0.946700000000
0.790600000000, 0.884200000000, 0.945800000000
0.787100000000, 0.882200000000, 0.944800000000
0.783500000000, 0.880300000000, 0.943900000000
0.780000000000, 0.878300000000, 0.943000000000
0.776500000000, 0.876400000000, 0.942100000000
0.772900000000, 0.874400000000, 0.941200000000
0.769400000000, 0.872500000000, 0.940300000000
0.765900000000, 0.870500000000, 0.939400000000
0.762400000000, 0.868600000000, 0.938400000000
0.758800000000, 0.866600000000, 0.937500000000
0.755300000000, 0.864700000000, 0.936600000000
0.751800000000, 0.862700000000, 0.935700000000
0.748200000000, 0.860800000000, 0.934800000000
0.744700000000, 0.858800000000, 0.933900000000
0.741200000000, 0.856900000000, 0.933000000000
0.737600000000, 0.854900000000, 0.932100000000
0.734100000000, 0.853000000000, 0.931100000000
0.730600000000, 0.851000000000, 0.930200000000
0.727100000000, 0.849100000000, 0.929300000000
0.723500000000, 0.847100000000, 0.928400000000
0.720000000000, 0.845200000000, 0.927500000000
0.716500000000, 0.843200000000, 0.926600000000
0.712900000000, 0.841300000000, 0.925700000000
0.709400000000, 0.839300000000, 0.924700000000
0.705900000000, 0.837400000000, 0.923800000000
0.702400000000, 0.835400000000, 0.922900000000
0.698800000000, 0.833400000000, 0.922000000000
0.695300000000, 0.831500000000, 0.921100000000
0.691800000000, 0.829500000000, 0.920200000000
0.688200000000, 0.827600000000, 0.919300000000
0.684700000000, 0.825600000000, 0.918300000000
0.681200000000, 0.823700000000, 0.917400000000
0.677600000000, 0.821700000000, 0.916500000000
0.674100000000, 0.819800000000, 0.915600000000
0.670600000000, 0.817800000000, 0.914700000000
0.667100000000, 0.815900000000, 0.913800000000
0.663500000000, 0.813900000000, 0.912900000000
0.660000000000, 0.812000000000, 0.911900000000
0.656500000000, 0.810000000000, 0.911000000000
0.652900000000, 0.808100000000, 0.910100000000
0.649400000000, 0.806100000000, 0.909200000000
0.645900000000, 0.804200000000, 0.908300000000
0.642400000000, 0.802200000000, 0.907400000000
0.638800000000, 0.800300000000, 0.906500000000
0.635300000000, 0.798300000000, 0.905500000000
0.631800000000, 0.796400000000, 0.904600000000
0.628200000000, 0.794400000000, 0.903700000000
0.624700000000, 0.792500000000, 0.902800000000
0.621200000000, 0.790500000000, 0.901900000000
0.617600000000, 0.788600000000, 0.901000000000
0.614100000000, 0.786600000000, 0.900100000000
0.610600000000, 0.784700000000, 0.899100000000
0.607100000000, 0.782700000000, 0.898200000000
0.603500000000, 0.780800000000, 0.897300000000
0.600000000000, 0.778800000000, 0.896400000000
0.596500000000, 0.776800000000, 0.895500000000
0.592900000000, 0.774900000000, 0.894600000000
0.589400000000, 0.772900000000, 0.893700000000
0.585900000000, 0.771000000000, 0.892700000000
0.582400000000, 0.769000000000, 0.891800000000
0.578800000000, 0.767100000000, 0.890900000000
0.575300000000, 0.765100000000, 0.890000000000
0.571800000000, 0.763200000000, 0.889100000000
0.568200000000, 0.761200000000, 0.888200000000
0.564700000000, 0.759300000000, 0.887300000000
0.561200000000, 0.757300000000, 0.886300000000
0.557600000000, 0.755400000000, 0.885400000000
0.554100000000, 0.753400000000, 0.884500000000
0.550600000000, 0.751500000000, 0.883600000000
0.547100000000, 0.749500000000, 0.882700000000
0.543500000000, 0.747600000000, 0.881800000000
0.540000000000, 0.745600000000, 0.880900000000
0.536500000000, 0.743700000000, 0.879900000000
0.532900000000, 0.741700000000, 0.879000000000
0.529400000000, 0.739800000000, 0.878100000000
0.525900000000, 0.737800000000, 0.877200000000
0.522400000000, 0.735900000000, 0.876300000000
0.518800000000, 0.733900000000, 0.875400000000
0.515300000000, 0.732000000000, 0.874500000000
0.511800000000, 0.730000000000, 0.873500000000
0.508200000000, 0.728100000000, 0.872600000000
0.504700000000, 0.726100000000, 0.871700000000
0.501200000000, 0.724200000000, 0.870800000000
0.497600000000, 0.722200000000, 0.869900000000
0.494100000000, 0.720200000000, 0.869000000000
0.490600000000, 0.718300000000, 0.868100000000
0.487100000000, 0.716300000000, 0.867100000000
0.483500000000, 0.714400000000, 0.866200000000
0.480000000000, 0.712400000000, 0.865300000000
0.476500000000, 0.710500000000, 0.864400000000
0.472900000000, 0.708500000000, 0.863500000000
0.469400000000, 0.706600000000, 0.862600000000
0.465900000000, 0.704600000000, 0.861700000000
0.462400000000, 0.702700000000, 0.860700000000
0.458800000000, 0.700700000000, 0.859800000000
0.455300000000, 0.698800000000, 0.858900000000
0.451800000000, 0.696800000000, 0.858000000000
0.448200000000, 0.694900000000, 0.857100000000
0.444700000000, 0.692900000000, 0.856200000000
0.441200000000, 0.691000000000, 0.855300000000
0.437600000000, 0.689000000000, 0.854400000000
0.434100000000, 0.687100000000, 0.853400000000
0.430600000000, 0.685100000000, 0.852500000000
0.427100000000, 0.683200000000, 0.851600000000
