function [stl,...
scale,...
position,...
rotation,...
color,...
alpha,...
static,...
id] = model1_module_parameters()
%MODEL1_MODULE_PARAMETERS 
% Automatically generated by read_parameter_xml.m
% Every time read_parameter_xml.m is run, this function will be generated
stl = "cylinder_rough.stl";
scale = [1.000000000000
1.000000000000
1.000000000000];
position = [5.000000000000
5.000000000000
0.000000000000];
rotation = [0.000000000000
0.000000000000
0.000000000000];
color = [0.500000000000
0.500000000000
0.500000000000];
alpha = 1.000000000000;
static = 0.000000000000;
id = 0.000000000000;


end