function [r_com,...
v_flock,...
r_rep_0,...
p_rep,...
r_frict_0,...
c_frict,...
v_frict,...
p_frict,...
a_frict,...
r_shill_0,...
v_shill,...
p_shill,...
a_shill,...
v_max,...
dim,...
height,...
dr_shill,...
pos_shill,...
vel_shill] = Vasarhelyi_module_parameters_2()
%VASARHELYI_MODULE_PARAMETERS_2 
% Automatically generated by read_parameter_xml.m
% Every time read_parameter_xml.m is run, this function will be generated
r_com = 8.000000000000;
v_flock = 0.200000000000;
r_rep_0 = 1.073700000000;
p_rep = 0.476210000000;
r_frict_0 = 6.579000000000;
c_frict = 0.310160000000;
v_frict = 0.120810000000;
p_frict = 0.348840000000;
a_frict = 0.973230000000;
r_shill_0 = 0.433630000000;
v_shill = 1.069200000000;
p_shill = 4.716300000000;
a_shill = 0.138300000000;
v_max = 0.240000000000;
dim = 2.000000000000;
height = 0.700000000000;
dr_shill = 1.000000000000;
pos_shill = [-20.000000000000, -20.000000000000, -20.000000000000, -20.000000000000, -20.000000000000, -20.000000000000, -20.000000000000, -20.000000000000, -20.000000000000, -20.000000000000, -20.000000000000, -20.000000000000, -20.000000000000, -20.000000000000, -20.000000000000, -20.000000000000, -20.000000000000, -20.000000000000, -20.000000000000, -20.000000000000, -20.000000000000, -20.000000000000, -20.000000000000, -20.000000000000, -20.000000000000, -20.000000000000, -20.000000000000, -20.000000000000, -20.000000000000, -20.000000000000, -20.000000000000, -20.000000000000, -20.000000000000, -20.000000000000, -20.000000000000, -20.000000000000, -20.000000000000, -20.000000000000, -20.000000000000, -20.000000000000, -20.000000000000, 20.000000000000, 20.000000000000, 20.000000000000, 20.000000000000, 20.000000000000, 20.000000000000, 20.000000000000, 20.000000000000, 20.000000000000, 20.000000000000, 20.000000000000, 20.000000000000, 20.000000000000, 20.000000000000, 20.000000000000, 20.000000000000, 20.000000000000, 20.000000000000, 20.000000000000, 20.000000000000, 20.000000000000, 20.000000000000, 20.000000000000, 20.000000000000, 20.000000000000, 20.000000000000, 20.000000000000, 20.000000000000, 20.000000000000, 20.000000000000, 20.000000000000, 20.000000000000, 20.000000000000, 20.000000000000, 20.000000000000, 20.000000000000, 20.000000000000, 20.000000000000, 20.000000000000, 20.000000000000, 20.000000000000, -20.000000000000, -19.000000000000, -18.000000000000, -17.000000000000, -16.000000000000, -15.000000000000, -14.000000000000, -13.000000000000, -12.000000000000, -11.000000000000, -10.000000000000, -9.000000000000, -8.000000000000, -7.000000000000, -6.000000000000, 20.000000000000, 19.000000000000, 18.000000000000, 17.000000000000, 16.000000000000, 15.000000000000, 14.000000000000, 13.000000000000, 12.000000000000, 11.000000000000, 10.000000000000, 9.000000000000, 8.000000000000, 7.000000000000, 6.000000000000, 5.000000000000, 4.000000000000, 3.000000000000, 2.000000000000, 1.000000000000, 0.000000000000, -1.000000000000, -2.000000000000, -3.000000000000, -4.000000000000, -5.000000000000, 20.000000000000, 19.000000000000, 18.000000000000, 17.000000000000, 16.000000000000, 15.000000000000, 14.000000000000, 13.000000000000, 12.000000000000, 11.000000000000, 10.000000000000, 9.000000000000, 8.000000000000, 7.000000000000, 6.000000000000, -20.000000000000, -19.000000000000, -18.000000000000, -17.000000000000, -16.000000000000, -15.000000000000, -14.000000000000, -13.000000000000, -12.000000000000, -11.000000000000, -10.000000000000, -9.000000000000, -8.000000000000, -7.000000000000, -6.000000000000, -5.000000000000, -4.000000000000, -3.000000000000, -2.000000000000, -1.000000000000, 0.000000000000, 1.000000000000, 2.000000000000, 3.000000000000, 4.000000000000, 5.000000000000
-20.000000000000, -19.000000000000, -18.000000000000, -17.000000000000, -16.000000000000, -15.000000000000, -14.000000000000, -13.000000000000, -12.000000000000, -11.000000000000, -10.000000000000, -9.000000000000, -8.000000000000, -7.000000000000, -6.000000000000, 20.000000000000, 19.000000000000, 18.000000000000, 17.000000000000, 16.000000000000, 15.000000000000, 14.000000000000, 13.000000000000, 12.000000000000, 11.000000000000, 10.000000000000, 9.000000000000, 8.000000000000, 7.000000000000, 6.000000000000, 5.000000000000, 4.000000000000, 3.000000000000, 2.000000000000, 1.000000000000, 0.000000000000, -1.000000000000, -2.000000000000, -3.000000000000, -4.000000000000, -5.000000000000, -20.000000000000, -19.000000000000, -18.000000000000, -17.000000000000, -16.000000000000, -15.000000000000, -14.000000000000, -13.000000000000, -12.000000000000, -11.000000000000, -10.000000000000, -9.000000000000, -8.000000000000, -7.000000000000, -6.000000000000, 20.000000000000, 19.000000000000, 18.000000000000, 17.000000000000, 16.000000000000, 15.000000000000, 14.000000000000, 13.000000000000, 12.000000000000, 11.000000000000, 10.000000000000, 9.000000000000, 8.000000000000, 7.000000000000, 6.000000000000, 5.000000000000, 4.000000000000, 3.000000000000, 2.000000000000, 1.000000000000, 0.000000000000, -1.000000000000, -2.000000000000, -3.000000000000, -4.000000000000, -5.000000000000, -20.000000000000, -20.000000000000, -20.000000000000, -20.000000000000, -20.000000000000, -20.000000000000, -20.000000000000, -20.000000000000, -20.000000000000, -20.000000000000, -20.000000000000, -20.000000000000, -20.000000000000, -20.000000000000, -20.000000000000, -20.000000000000, -20.000000000000, -20.000000000000, -20.000000000000, -20.000000000000, -20.000000000000, -20.000000000000, -20.000000000000, -20.000000000000, -20.000000000000, -20.000000000000, -20.000000000000, -20.000000000000, -20.000000000000, -20.000000000000, -20.000000000000, -20.000000000000, -20.000000000000, -20.000000000000, -20.000000000000, -20.000000000000, -20.000000000000, -20.000000000000, -20.000000000000, -20.000000000000, -20.000000000000, 20.000000000000, 20.000000000000, 20.000000000000, 20.000000000000, 20.000000000000, 20.000000000000, 20.000000000000, 20.000000000000, 20.000000000000, 20.000000000000, 20.000000000000, 20.000000000000, 20.000000000000, 20.000000000000, 20.000000000000, 20.000000000000, 20.000000000000, 20.000000000000, 20.000000000000, 20.000000000000, 20.000000000000, 20.000000000000, 20.000000000000, 20.000000000000, 20.000000000000, 20.000000000000, 20.000000000000, 20.000000000000, 20.000000000000, 20.000000000000, 20.000000000000, 20.000000000000, 20.000000000000, 20.000000000000, 20.000000000000, 20.000000000000, 20.000000000000, 20.000000000000, 20.000000000000, 20.000000000000, 20.000000000000];
